0.038 0.0384848 6.14252
0.076 0.0384848 6.68445
0.114 0.0384848 6.74311
0.152 0.0384848 6.74311
0.19 0.0384848 6.74311
0.228 0.0384848 6.74311
0.266 0.0384848 6.74311
0.304 0.0384848 6.74311
0.342 0.0384848 6.74311
0.38 0.0384848 6.74311
0.418 0.0384848 6.74311
0.456 0.0384848 6.74311
0.494 0.0384848 6.74311
0.532 0.0384848 6.74311
0.57 0.0384848 6.74311
0.608 0.0384848 6.74311
0.646 0.0384848 6.74311
0.684 0.0384848 6.68445
0.722 0.0384848 6.14252
0.76 0.0384848 4.51362
0.038 0.0769697 6.6683
0.076 0.0769697 7.25089
0.114 0.0769697 7.31101
0.152 0.0769697 7.31101
0.19 0.0769697 7.31101
0.228 0.0769697 7.31101
0.266 0.0769697 7.31101
0.304 0.0769697 7.31101
0.342 0.0769697 7.31101
0.38 0.0769697 7.31101
0.418 0.0769697 7.31101
0.456 0.0769697 7.31101
0.494 0.0769697 7.31101
0.532 0.0769697 7.31101
0.57 0.0769697 7.31101
0.608 0.0769697 7.31101
0.646 0.0769697 7.31101
0.684 0.0769697 7.25089
0.722 0.0769697 6.6683
0.76 0.0769697 4.89956
0.038 0.115455 6.72041
0.076 0.115455 7.30426
0.114 0.115455 7.36438
0.152 0.115455 7.36438
0.19 0.115455 7.36438
0.228 0.115455 7.36438
0.266 0.115455 7.36438
0.304 0.115455 7.36438
0.342 0.115455 7.36438
0.38 0.115455 7.36438
0.418 0.115455 7.36438
0.456 0.115455 7.36438
0.494 0.115455 7.36438
0.532 0.115455 7.36438
0.57 0.115455 7.36438
0.608 0.115455 7.36438
0.646 0.115455 7.36438
0.684 0.115455 7.30426
0.722 0.115455 6.72041
0.76 0.115455 4.93803
0.038 0.153939 6.72041
0.076 0.153939 7.30426
0.114 0.153939 7.36438
0.152 0.153939 7.36438
0.19 0.153939 7.36438
0.228 0.153939 7.36438
0.266 0.153939 7.36438
0.304 0.153939 7.36438
0.342 0.153939 7.36438
0.38 0.153939 7.36438
0.418 0.153939 7.36438
0.456 0.153939 7.36438
0.494 0.153939 7.36438
0.532 0.153939 7.36438
0.57 0.153939 7.36438
0.608 0.153939 7.36438
0.646 0.153939 7.36438
0.684 0.153939 7.30426
0.722 0.153939 6.72041
0.76 0.153939 4.93803
0.038 0.192424 6.72041
0.076 0.192424 7.30426
0.114 0.192424 7.36438
0.152 0.192424 7.36438
0.19 0.192424 7.36438
0.228 0.192424 7.36438
0.266 0.192424 7.36438
0.304 0.192424 7.36438
0.342 0.192424 7.36438
0.38 0.192424 7.36438
0.418 0.192424 7.36438
0.456 0.192424 7.36438
0.494 0.192424 7.36438
0.532 0.192424 7.36438
0.57 0.192424 7.36438
0.608 0.192424 7.36438
0.646 0.192424 7.36438
0.684 0.192424 7.30426
0.722 0.192424 6.72041
0.76 0.192424 4.93803
0.038 0.230909 6.72041
0.076 0.230909 7.30426
0.114 0.230909 7.36438
0.152 0.230909 7.36438
0.19 0.230909 7.36438
0.228 0.230909 7.36438
0.266 0.230909 7.36438
0.304 0.230909 7.36438
0.342 0.230909 7.36438
0.38 0.230909 7.36438
0.418 0.230909 7.36438
0.456 0.230909 7.36438
0.494 0.230909 7.36438
0.532 0.230909 7.36438
0.57 0.230909 7.36438
0.608 0.230909 7.36438
0.646 0.230909 7.36438
0.684 0.230909 7.30426
0.722 0.230909 6.72041
0.76 0.230909 4.93803
0.038 0.269394 6.72041
0.076 0.269394 7.30426
0.114 0.269394 7.36438
0.152 0.269394 7.36438
0.19 0.269394 7.36438
0.228 0.269394 7.36438
0.266 0.269394 7.36438
0.304 0.269394 7.36438
0.342 0.269394 7.36438
0.38 0.269394 7.36438
0.418 0.269394 7.36438
0.456 0.269394 7.36438
0.494 0.269394 7.36438
0.532 0.269394 7.36438
0.57 0.269394 7.36438
0.608 0.269394 7.36438
0.646 0.269394 7.36438
0.684 0.269394 7.30426
0.722 0.269394 6.72041
0.76 0.269394 4.93803
0.038 0.307879 6.72041
0.076 0.307879 7.30426
0.114 0.307879 7.36438
0.152 0.307879 7.36438
0.19 0.307879 7.36438
0.228 0.307879 7.36438
0.266 0.307879 7.36438
0.304 0.307879 7.36438
0.342 0.307879 7.36438
0.38 0.307879 7.36438
0.418 0.307879 7.36438
0.456 0.307879 7.36438
0.494 0.307879 7.36438
0.532 0.307879 7.36438
0.57 0.307879 7.36438
0.608 0.307879 7.36438
0.646 0.307879 7.36438
0.684 0.307879 7.30426
0.722 0.307879 6.72041
0.76 0.307879 4.93803
0.038 0.346364 6.72041
0.076 0.346364 7.30426
0.114 0.346364 7.36438
0.152 0.346364 7.36438
0.19 0.346364 7.36438
0.228 0.346364 7.36438
0.266 0.346364 7.36438
0.304 0.346364 7.36438
0.342 0.346364 7.36438
0.38 0.346364 7.36438
0.418 0.346364 7.36438
0.456 0.346364 7.36438
0.494 0.346364 7.36438
0.532 0.346364 7.36438
0.57 0.346364 7.36438
0.608 0.346364 7.36438
0.646 0.346364 7.36438
0.684 0.346364 7.30426
0.722 0.346364 6.72041
0.76 0.346364 4.93803
0.038 0.384848 6.72041
0.076 0.384848 7.30426
0.114 0.384848 7.36438
0.152 0.384848 7.36438
0.19 0.384848 7.36438
0.228 0.384848 7.36438
0.266 0.384848 7.36438
0.304 0.384848 7.36438
0.342 0.384848 7.36438
0.38 0.384848 7.36438
0.418 0.384848 7.36438
0.456 0.384848 7.36438
0.494 0.384848 7.36438
0.532 0.384848 7.36438
0.57 0.384848 7.36438
0.608 0.384848 7.36438
0.646 0.384848 7.36438
0.684 0.384848 7.30426
0.722 0.384848 6.72041
0.76 0.384848 4.93803
0.038 0.423333 6.72041
0.076 0.423333 7.30426
0.114 0.423333 7.36438
0.152 0.423333 7.36438
0.19 0.423333 7.36438
0.228 0.423333 7.36438
0.266 0.423333 7.36438
0.304 0.423333 7.36438
0.342 0.423333 7.36438
0.38 0.423333 7.36438
0.418 0.423333 7.36438
0.456 0.423333 7.36438
0.494 0.423333 7.36438
0.532 0.423333 7.36438
0.57 0.423333 7.36438
0.608 0.423333 7.36438
0.646 0.423333 7.36438
0.684 0.423333 7.30426
0.722 0.423333 6.72041
0.76 0.423333 4.93803
0.038 0.461818 6.72041
0.076 0.461818 7.30426
0.114 0.461818 7.36438
0.152 0.461818 7.36438
0.19 0.461818 7.36438
0.228 0.461818 7.36438
0.266 0.461818 7.36438
0.304 0.461818 7.36438
0.342 0.461818 7.36438
0.38 0.461818 7.36438
0.418 0.461818 7.36438
0.456 0.461818 7.36438
0.494 0.461818 7.36438
0.532 0.461818 7.36438
0.57 0.461818 7.36438
0.608 0.461818 7.36438
0.646 0.461818 7.36438
0.684 0.461818 7.30426
0.722 0.461818 6.72041
0.76 0.461818 4.93803
0.038 0.500303 6.72041
0.076 0.500303 7.30426
0.114 0.500303 7.36438
0.152 0.500303 7.36438
0.19 0.500303 7.36438
0.228 0.500303 7.36438
0.266 0.500303 7.36438
0.304 0.500303 7.36438
0.342 0.500303 7.36438
0.38 0.500303 7.36438
0.418 0.500303 7.36438
0.456 0.500303 7.36438
0.494 0.500303 7.36438
0.532 0.500303 7.36438
0.57 0.500303 7.36438
0.608 0.500303 7.36438
0.646 0.500303 7.36438
0.684 0.500303 7.30426
0.722 0.500303 6.72041
0.76 0.500303 4.93803
0.038 0.538788 6.72041
0.076 0.538788 7.30426
0.114 0.538788 7.36438
0.152 0.538788 7.36438
0.19 0.538788 7.36438
0.228 0.538788 7.36438
0.266 0.538788 7.36438
0.304 0.538788 7.36438
0.342 0.538788 7.36438
0.38 0.538788 7.36438
0.418 0.538788 7.36438
0.456 0.538788 7.36438
0.494 0.538788 7.36438
0.532 0.538788 7.36438
0.57 0.538788 7.36438
0.608 0.538788 7.36438
0.646 0.538788 7.36438
0.684 0.538788 7.30426
0.722 0.538788 6.72041
0.76 0.538788 4.93803
0.038 0.577273 6.72041
0.076 0.577273 7.30426
0.114 0.577273 7.36438
0.152 0.577273 7.36438
0.19 0.577273 7.36438
0.228 0.577273 7.36438
0.266 0.577273 7.36438
0.304 0.577273 7.36438
0.342 0.577273 7.36438
0.38 0.577273 7.36438
0.418 0.577273 7.36438
0.456 0.577273 7.36438
0.494 0.577273 7.36438
0.532 0.577273 7.36438
0.57 0.577273 7.36438
0.608 0.577273 7.36438
0.646 0.577273 7.36438
0.684 0.577273 7.30426
0.722 0.577273 6.72041
0.76 0.577273 4.93803
0.038 0.615758 6.72041
0.076 0.615758 7.30426
0.114 0.615758 7.36438
0.152 0.615758 7.36438
0.19 0.615758 7.36438
0.228 0.615758 7.36438
0.266 0.615758 7.36438
0.304 0.615758 7.36438
0.342 0.615758 7.36438
0.38 0.615758 7.36438
0.418 0.615758 7.36438
0.456 0.615758 7.36438
0.494 0.615758 7.36438
0.532 0.615758 7.36438
0.57 0.615758 7.36438
0.608 0.615758 7.36438
0.646 0.615758 7.36438
0.684 0.615758 7.30426
0.722 0.615758 6.72041
0.76 0.615758 4.93803
0.038 0.654242 6.72041
0.076 0.654242 7.30426
0.114 0.654242 7.36438
0.152 0.654242 7.36438
0.19 0.654242 7.36438
0.228 0.654242 7.36438
0.266 0.654242 7.36438
0.304 0.654242 7.36438
0.342 0.654242 7.36438
0.38 0.654242 7.36438
0.418 0.654242 7.36438
0.456 0.654242 7.36438
0.494 0.654242 7.36438
0.532 0.654242 7.36438
0.57 0.654242 7.36438
0.608 0.654242 7.36438
0.646 0.654242 7.36438
0.684 0.654242 7.30426
0.722 0.654242 6.72041
0.76 0.654242 4.93803
0.038 0.692727 6.72041
0.076 0.692727 7.30426
0.114 0.692727 7.36438
0.152 0.692727 7.36438
0.19 0.692727 7.36438
0.228 0.692727 7.36438
0.266 0.692727 7.36438
0.304 0.692727 7.36438
0.342 0.692727 7.36438
0.38 0.692727 7.36438
0.418 0.692727 7.36438
0.456 0.692727 7.36438
0.494 0.692727 7.36438
0.532 0.692727 7.36438
0.57 0.692727 7.36438
0.608 0.692727 7.36438
0.646 0.692727 7.36438
0.684 0.692727 7.30426
0.722 0.692727 6.72041
0.76 0.692727 4.93803
0.038 0.731212 6.72041
0.076 0.731212 7.30426
0.114 0.731212 7.36438
0.152 0.731212 7.36438
0.19 0.731212 7.36438
0.228 0.731212 7.36438
0.266 0.731212 7.36438
0.304 0.731212 7.36438
0.342 0.731212 7.36438
0.38 0.731212 7.36438
0.418 0.731212 7.36438
0.456 0.731212 7.36438
0.494 0.731212 7.36438
0.532 0.731212 7.36438
0.57 0.731212 7.36438
0.608 0.731212 7.36438
0.646 0.731212 7.36438
0.684 0.731212 7.30426
0.722 0.731212 6.72041
0.76 0.731212 4.93803
0.038 0.769697 6.72041
0.076 0.769697 7.30426
0.114 0.769697 7.36438
0.152 0.769697 7.36438
0.19 0.769697 7.36438
0.228 0.769697 7.36438
0.266 0.769697 7.36438
0.304 0.769697 7.36438
0.342 0.769697 7.36438
0.38 0.769697 7.36438
0.418 0.769697 7.36438
0.456 0.769697 7.36438
0.494 0.769697 7.36438
0.532 0.769697 7.36438
0.57 0.769697 7.36438
0.608 0.769697 7.36438
0.646 0.769697 7.36438
0.684 0.769697 7.30426
0.722 0.769697 6.72041
0.76 0.769697 4.93803
0.038 0.808182 6.72041
0.076 0.808182 7.30426
0.114 0.808182 7.36438
0.152 0.808182 7.36438
0.19 0.808182 7.36438
0.228 0.808182 7.36438
0.266 0.808182 7.36438
0.304 0.808182 7.36438
0.342 0.808182 7.36438
0.38 0.808182 7.36438
0.418 0.808182 7.36438
0.456 0.808182 7.36438
0.494 0.808182 7.36438
0.532 0.808182 7.36438
0.57 0.808182 7.36438
0.608 0.808182 7.36438
0.646 0.808182 7.36438
0.684 0.808182 7.30426
0.722 0.808182 6.72041
0.76 0.808182 4.93803
0.038 0.846667 6.72041
0.076 0.846667 7.30426
0.114 0.846667 7.36438
0.152 0.846667 7.36438
0.19 0.846667 7.36438
0.228 0.846667 7.36438
0.266 0.846667 7.36438
0.304 0.846667 7.36438
0.342 0.846667 7.36438
0.38 0.846667 7.36438
0.418 0.846667 7.36438
0.456 0.846667 7.36438
0.494 0.846667 7.36438
0.532 0.846667 7.36438
0.57 0.846667 7.36438
0.608 0.846667 7.36438
0.646 0.846667 7.36438
0.684 0.846667 7.30426
0.722 0.846667 6.72041
0.76 0.846667 4.93803
0.038 0.885152 6.72041
0.076 0.885152 7.30426
0.114 0.885152 7.36438
0.152 0.885152 7.36438
0.19 0.885152 7.36438
0.228 0.885152 7.36438
0.266 0.885152 7.36438
0.304 0.885152 7.36438
0.342 0.885152 7.36438
0.38 0.885152 7.36438
0.418 0.885152 7.36438
0.456 0.885152 7.36438
0.494 0.885152 7.36438
0.532 0.885152 7.36438
0.57 0.885152 7.36438
0.608 0.885152 7.36438
0.646 0.885152 7.36438
0.684 0.885152 7.30426
0.722 0.885152 6.72041
0.76 0.885152 4.93803
0.038 0.923636 6.72041
0.076 0.923636 7.30426
0.114 0.923636 7.36438
0.152 0.923636 7.36438
0.19 0.923636 7.36438
0.228 0.923636 7.36438
0.266 0.923636 7.36438
0.304 0.923636 7.36438
0.342 0.923636 7.36438
0.38 0.923636 7.36438
0.418 0.923636 7.36438
0.456 0.923636 7.36438
0.494 0.923636 7.36438
0.532 0.923636 7.36438
0.57 0.923636 7.36438
0.608 0.923636 7.36438
0.646 0.923636 7.36438
0.684 0.923636 7.30426
0.722 0.923636 6.72041
0.76 0.923636 4.93803
0.038 0.962121 6.72041
0.076 0.962121 7.30426
0.114 0.962121 7.36438
0.152 0.962121 7.36438
0.19 0.962121 7.36438
0.228 0.962121 7.36438
0.266 0.962121 7.36438
0.304 0.962121 7.36438
0.342 0.962121 7.36438
0.38 0.962121 7.36438
0.418 0.962121 7.36438
0.456 0.962121 7.36438
0.494 0.962121 7.36438
0.532 0.962121 7.36438
0.57 0.962121 7.36438
0.608 0.962121 7.36438
0.646 0.962121 7.36438
0.684 0.962121 7.30426
0.722 0.962121 6.72041
0.76 0.962121 4.93803
0.038 1.00061 6.72041
0.076 1.00061 7.30426
0.114 1.00061 7.36438
0.152 1.00061 7.36438
0.19 1.00061 7.36438
0.228 1.00061 7.36438
0.266 1.00061 7.36438
0.304 1.00061 7.36438
0.342 1.00061 7.36438
0.38 1.00061 7.36438
0.418 1.00061 7.36438
0.456 1.00061 7.36438
0.494 1.00061 7.36438
0.532 1.00061 7.36438
0.57 1.00061 7.36438
0.608 1.00061 7.36438
0.646 1.00061 7.36438
0.684 1.00061 7.30426
0.722 1.00061 6.72041
0.76 1.00061 4.93803
0.038 1.03909 6.72041
0.076 1.03909 7.30426
0.114 1.03909 7.36438
0.152 1.03909 7.36438
0.19 1.03909 7.36438
0.228 1.03909 7.36438
0.266 1.03909 7.36438
0.304 1.03909 7.36438
0.342 1.03909 7.36438
0.38 1.03909 7.36438
0.418 1.03909 7.36438
0.456 1.03909 7.36438
0.494 1.03909 7.36438
0.532 1.03909 7.36438
0.57 1.03909 7.36438
0.608 1.03909 7.36438
0.646 1.03909 7.36438
0.684 1.03909 7.30426
0.722 1.03909 6.72041
0.76 1.03909 4.93803
0.038 1.07758 6.72041
0.076 1.07758 7.30426
0.114 1.07758 7.36438
0.152 1.07758 7.36438
0.19 1.07758 7.36438
0.228 1.07758 7.36438
0.266 1.07758 7.36438
0.304 1.07758 7.36438
0.342 1.07758 7.36438
0.38 1.07758 7.36438
0.418 1.07758 7.36438
0.456 1.07758 7.36438
0.494 1.07758 7.36438
0.532 1.07758 7.36438
0.57 1.07758 7.36438
0.608 1.07758 7.36438
0.646 1.07758 7.36438
0.684 1.07758 7.30426
0.722 1.07758 6.72041
0.76 1.07758 4.93803
0.038 1.11606 6.72041
0.076 1.11606 7.30426
0.114 1.11606 7.36438
0.152 1.11606 7.36438
0.19 1.11606 7.36438
0.228 1.11606 7.36438
0.266 1.11606 7.36438
0.304 1.11606 7.36438
0.342 1.11606 7.36438
0.38 1.11606 7.36438
0.418 1.11606 7.36438
0.456 1.11606 7.36438
0.494 1.11606 7.36438
0.532 1.11606 7.36438
0.57 1.11606 7.36438
0.608 1.11606 7.36438
0.646 1.11606 7.36438
0.684 1.11606 7.30426
0.722 1.11606 6.72041
0.76 1.11606 4.93803
0.038 1.15455 6.72041
0.076 1.15455 7.30426
0.114 1.15455 7.36438
0.152 1.15455 7.36438
0.19 1.15455 7.36438
0.228 1.15455 7.36438
0.266 1.15455 7.36438
0.304 1.15455 7.36438
0.342 1.15455 7.36438
0.38 1.15455 7.36438
0.418 1.15455 7.36438
0.456 1.15455 7.36438
0.494 1.15455 7.36438
0.532 1.15455 7.36438
0.57 1.15455 7.36438
0.608 1.15455 7.36438
0.646 1.15455 7.36438
0.684 1.15455 7.30426
0.722 1.15455 6.72041
0.76 1.15455 4.93803
0.038 1.19303 6.72041
0.076 1.19303 7.30426
0.114 1.19303 7.36438
0.152 1.19303 7.36438
0.19 1.19303 7.36438
0.228 1.19303 7.36438
0.266 1.19303 7.36438
0.304 1.19303 7.36438
0.342 1.19303 7.36438
0.38 1.19303 7.36438
0.418 1.19303 7.36438
0.456 1.19303 7.36438
0.494 1.19303 7.36438
0.532 1.19303 7.36438
0.57 1.19303 7.36438
0.608 1.19303 7.36438
0.646 1.19303 7.36438
0.684 1.19303 7.30426
0.722 1.19303 6.72041
0.76 1.19303 4.93803
0.038 1.23152 6.72041
0.076 1.23152 7.30426
0.114 1.23152 7.36438
0.152 1.23152 7.36438
0.19 1.23152 7.36438
0.228 1.23152 7.36438
0.266 1.23152 7.36438
0.304 1.23152 7.36438
0.342 1.23152 7.36438
0.38 1.23152 7.36438
0.418 1.23152 7.36438
0.456 1.23152 7.36438
0.494 1.23152 7.36438
0.532 1.23152 7.36438
0.57 1.23152 7.36438
0.608 1.23152 7.36438
0.646 1.23152 7.36438
0.684 1.23152 7.30426
0.722 1.23152 6.72041
0.76 1.23152 4.93803
0.038 1.27 6.72041
0.076 1.27 7.30426
0.114 1.27 7.36438
0.152 1.27 7.36438
0.19 1.27 7.36438
0.228 1.27 7.36438
0.266 1.27 7.36438
0.304 1.27 7.36438
0.342 1.27 7.36438
0.38 1.27 7.36438
0.418 1.27 7.36438
0.456 1.27 7.36438
0.494 1.27 7.36438
0.532 1.27 7.36438
0.57 1.27 7.36438
0.608 1.27 7.36438
0.646 1.27 7.36438
0.684 1.27 7.30426
0.722 1.27 6.72041
0.76 1.27 4.93803
0.038 1.30848 6.72041
0.076 1.30848 7.30426
0.114 1.30848 7.36438
0.152 1.30848 7.36438
0.19 1.30848 7.36438
0.228 1.30848 7.36438
0.266 1.30848 7.36438
0.304 1.30848 7.36438
0.342 1.30848 7.36438
0.38 1.30848 7.36438
0.418 1.30848 7.36438
0.456 1.30848 7.36438
0.494 1.30848 7.36438
0.532 1.30848 7.36438
0.57 1.30848 7.36438
0.608 1.30848 7.36438
0.646 1.30848 7.36438
0.684 1.30848 7.30426
0.722 1.30848 6.72041
0.76 1.30848 4.93803
0.038 1.34697 6.72041
0.076 1.34697 7.30426
0.114 1.34697 7.36438
0.152 1.34697 7.36438
0.19 1.34697 7.36438
0.228 1.34697 7.36438
0.266 1.34697 7.36438
0.304 1.34697 7.36438
0.342 1.34697 7.36438
0.38 1.34697 7.36438
0.418 1.34697 7.36438
0.456 1.34697 7.36438
0.494 1.34697 7.36438
0.532 1.34697 7.36438
0.57 1.34697 7.36438
0.608 1.34697 7.36438
0.646 1.34697 7.36438
0.684 1.34697 7.30426
0.722 1.34697 6.72041
0.76 1.34697 4.93803
0.038 1.38545 6.72041
0.076 1.38545 7.30426
0.114 1.38545 7.36438
0.152 1.38545 7.36438
0.19 1.38545 7.36438
0.228 1.38545 7.36438
0.266 1.38545 7.36438
0.304 1.38545 7.36438
0.342 1.38545 7.36438
0.38 1.38545 7.36438
0.418 1.38545 7.36438
0.456 1.38545 7.36438
0.494 1.38545 7.36438
0.532 1.38545 7.36438
0.57 1.38545 7.36438
0.608 1.38545 7.36438
0.646 1.38545 7.36438
0.684 1.38545 7.30426
0.722 1.38545 6.72041
0.76 1.38545 4.93803
0.038 1.42394 6.72041
0.076 1.42394 7.30426
0.114 1.42394 7.36438
0.152 1.42394 7.36438
0.19 1.42394 7.36438
0.228 1.42394 7.36438
0.266 1.42394 7.36438
0.304 1.42394 7.36438
0.342 1.42394 7.36438
0.38 1.42394 7.36438
0.418 1.42394 7.36438
0.456 1.42394 7.36438
0.494 1.42394 7.36438
0.532 1.42394 7.36438
0.57 1.42394 7.36438
0.608 1.42394 7.36438
0.646 1.42394 7.36438
0.684 1.42394 7.30426
0.722 1.42394 6.72041
0.76 1.42394 4.93803
0.038 1.46242 6.72041
0.076 1.46242 7.30426
0.114 1.46242 7.36438
0.152 1.46242 7.36438
0.19 1.46242 7.36438
0.228 1.46242 7.36438
0.266 1.46242 7.36438
0.304 1.46242 7.36438
0.342 1.46242 7.36438
0.38 1.46242 7.36438
0.418 1.46242 7.36438
0.456 1.46242 7.36438
0.494 1.46242 7.36438
0.532 1.46242 7.36438
0.57 1.46242 7.36438
0.608 1.46242 7.36438
0.646 1.46242 7.36438
0.684 1.46242 7.30426
0.722 1.46242 6.72041
0.76 1.46242 4.93803
0.038 1.50091 6.72041
0.076 1.50091 7.30426
0.114 1.50091 7.36438
0.152 1.50091 7.36438
0.19 1.50091 7.36438
0.228 1.50091 7.36438
0.266 1.50091 7.36438
0.304 1.50091 7.36438
0.342 1.50091 7.36438
0.38 1.50091 7.36438
0.418 1.50091 7.36438
0.456 1.50091 7.36438
0.494 1.50091 7.36438
0.532 1.50091 7.36438
0.57 1.50091 7.36438
0.608 1.50091 7.36438
0.646 1.50091 7.36438
0.684 1.50091 7.30426
0.722 1.50091 6.72041
0.76 1.50091 4.93803
0.038 1.53939 6.72041
0.076 1.53939 7.30426
0.114 1.53939 7.36438
0.152 1.53939 7.36438
0.19 1.53939 7.36438
0.228 1.53939 7.36438
0.266 1.53939 7.36438
0.304 1.53939 7.36438
0.342 1.53939 7.36438
0.38 1.53939 7.36438
0.418 1.53939 7.36438
0.456 1.53939 7.36438
0.494 1.53939 7.36438
0.532 1.53939 7.36438
0.57 1.53939 7.36438
0.608 1.53939 7.36438
0.646 1.53939 7.36438
0.684 1.53939 7.30426
0.722 1.53939 6.72041
0.76 1.53939 4.93803
0.038 1.57788 6.72041
0.076 1.57788 7.30426
0.114 1.57788 7.36438
0.152 1.57788 7.36438
0.19 1.57788 7.36438
0.228 1.57788 7.36438
0.266 1.57788 7.36438
0.304 1.57788 7.36438
0.342 1.57788 7.36438
0.38 1.57788 7.36438
0.418 1.57788 7.36438
0.456 1.57788 7.36438
0.494 1.57788 7.36438
0.532 1.57788 7.36438
0.57 1.57788 7.36438
0.608 1.57788 7.36438
0.646 1.57788 7.36438
0.684 1.57788 7.30426
0.722 1.57788 6.72041
0.76 1.57788 4.93803
0.038 1.61636 6.72041
0.076 1.61636 7.30426
0.114 1.61636 7.36438
0.152 1.61636 7.36438
0.19 1.61636 7.36438
0.228 1.61636 7.36438
0.266 1.61636 7.36438
0.304 1.61636 7.36438
0.342 1.61636 7.36438
0.38 1.61636 7.36438
0.418 1.61636 7.36438
0.456 1.61636 7.36438
0.494 1.61636 7.36438
0.532 1.61636 7.36438
0.57 1.61636 7.36438
0.608 1.61636 7.36438
0.646 1.61636 7.36438
0.684 1.61636 7.30426
0.722 1.61636 6.72041
0.76 1.61636 4.93803
0.038 1.65485 6.72041
0.076 1.65485 7.30426
0.114 1.65485 7.36438
0.152 1.65485 7.36438
0.19 1.65485 7.36438
0.228 1.65485 7.36438
0.266 1.65485 7.36438
0.304 1.65485 7.36438
0.342 1.65485 7.36438
0.38 1.65485 7.36438
0.418 1.65485 7.36438
0.456 1.65485 7.36438
0.494 1.65485 7.36438
0.532 1.65485 7.36438
0.57 1.65485 7.36438
0.608 1.65485 7.36438
0.646 1.65485 7.36438
0.684 1.65485 7.30426
0.722 1.65485 6.72041
0.76 1.65485 4.93803
0.038 1.69333 6.72041
0.076 1.69333 7.30426
0.114 1.69333 7.36438
0.152 1.69333 7.36438
0.19 1.69333 7.36438
0.228 1.69333 7.36438
0.266 1.69333 7.36438
0.304 1.69333 7.36438
0.342 1.69333 7.36438
0.38 1.69333 7.36438
0.418 1.69333 7.36438
0.456 1.69333 7.36438
0.494 1.69333 7.36438
0.532 1.69333 7.36438
0.57 1.69333 7.36438
0.608 1.69333 7.36438
0.646 1.69333 7.36438
0.684 1.69333 7.30426
0.722 1.69333 6.72041
0.76 1.69333 4.93803
0.038 1.73182 6.72041
0.076 1.73182 7.30426
0.114 1.73182 7.36438
0.152 1.73182 7.36438
0.19 1.73182 7.36438
0.228 1.73182 7.36438
0.266 1.73182 7.36438
0.304 1.73182 7.36438
0.342 1.73182 7.36438
0.38 1.73182 7.36438
0.418 1.73182 7.36438
0.456 1.73182 7.36438
0.494 1.73182 7.36438
0.532 1.73182 7.36438
0.57 1.73182 7.36438
0.608 1.73182 7.36438
0.646 1.73182 7.36438
0.684 1.73182 7.30426
0.722 1.73182 6.72041
0.76 1.73182 4.93803
0.038 1.7703 6.72041
0.076 1.7703 7.30426
0.114 1.7703 7.36438
0.152 1.7703 7.36438
0.19 1.7703 7.36438
0.228 1.7703 7.36438
0.266 1.7703 7.36438
0.304 1.7703 7.36438
0.342 1.7703 7.36438
0.38 1.7703 7.36438
0.418 1.7703 7.36438
0.456 1.7703 7.36438
0.494 1.7703 7.36438
0.532 1.7703 7.36438
0.57 1.7703 7.36438
0.608 1.7703 7.36438
0.646 1.7703 7.36438
0.684 1.7703 7.30426
0.722 1.7703 6.72041
0.76 1.7703 4.93803
0.038 1.80879 6.72041
0.076 1.80879 7.30426
0.114 1.80879 7.36438
0.152 1.80879 7.36438
0.19 1.80879 7.36438
0.228 1.80879 7.36438
0.266 1.80879 7.36438
0.304 1.80879 7.36438
0.342 1.80879 7.36438
0.38 1.80879 7.36438
0.418 1.80879 7.36438
0.456 1.80879 7.36438
0.494 1.80879 7.36438
0.532 1.80879 7.36438
0.57 1.80879 7.36438
0.608 1.80879 7.36438
0.646 1.80879 7.36438
0.684 1.80879 7.30426
0.722 1.80879 6.72041
0.76 1.80879 4.93803
0.038 1.84727 6.72041
0.076 1.84727 7.30426
0.114 1.84727 7.36438
0.152 1.84727 7.36438
0.19 1.84727 7.36438
0.228 1.84727 7.36438
0.266 1.84727 7.36438
0.304 1.84727 7.36438
0.342 1.84727 7.36438
0.38 1.84727 7.36438
0.418 1.84727 7.36438
0.456 1.84727 7.36438
0.494 1.84727 7.36438
0.532 1.84727 7.36438
0.57 1.84727 7.36438
0.608 1.84727 7.36438
0.646 1.84727 7.36438
0.684 1.84727 7.30426
0.722 1.84727 6.72041
0.76 1.84727 4.93803
0.038 1.88576 6.72041
0.076 1.88576 7.30426
0.114 1.88576 7.36438
0.152 1.88576 7.36438
0.19 1.88576 7.36438
0.228 1.88576 7.36438
0.266 1.88576 7.36438
0.304 1.88576 7.36438
0.342 1.88576 7.36438
0.38 1.88576 7.36438
0.418 1.88576 7.36438
0.456 1.88576 7.36438
0.494 1.88576 7.36438
0.532 1.88576 7.36438
0.57 1.88576 7.36438
0.608 1.88576 7.36438
0.646 1.88576 7.36438
0.684 1.88576 7.30426
0.722 1.88576 6.72041
0.76 1.88576 4.93803
0.038 1.92424 6.72041
0.076 1.92424 7.30426
0.114 1.92424 7.36438
0.152 1.92424 7.36438
0.19 1.92424 7.36438
0.228 1.92424 7.36438
0.266 1.92424 7.36438
0.304 1.92424 7.36438
0.342 1.92424 7.36438
0.38 1.92424 7.36438
0.418 1.92424 7.36438
0.456 1.92424 7.36438
0.494 1.92424 7.36438
0.532 1.92424 7.36438
0.57 1.92424 7.36438
0.608 1.92424 7.36438
0.646 1.92424 7.36438
0.684 1.92424 7.30426
0.722 1.92424 6.72041
0.76 1.92424 4.93803
0.038 1.96273 6.72041
0.076 1.96273 7.30426
0.114 1.96273 7.36438
0.152 1.96273 7.36438
0.19 1.96273 7.36438
0.228 1.96273 7.36438
0.266 1.96273 7.36438
0.304 1.96273 7.36438
0.342 1.96273 7.36438
0.38 1.96273 7.36438
0.418 1.96273 7.36438
0.456 1.96273 7.36438
0.494 1.96273 7.36438
0.532 1.96273 7.36438
0.57 1.96273 7.36438
0.608 1.96273 7.36438
0.646 1.96273 7.36438
0.684 1.96273 7.30426
0.722 1.96273 6.72041
0.76 1.96273 4.93803
0.038 2.00121 6.72041
0.076 2.00121 7.30426
0.114 2.00121 7.36438
0.152 2.00121 7.36438
0.19 2.00121 7.36438
0.228 2.00121 7.36438
0.266 2.00121 7.36438
0.304 2.00121 7.36438
0.342 2.00121 7.36438
0.38 2.00121 7.36438
0.418 2.00121 7.36438
0.456 2.00121 7.36438
0.494 2.00121 7.36438
0.532 2.00121 7.36438
0.57 2.00121 7.36438
0.608 2.00121 7.36438
0.646 2.00121 7.36438
0.684 2.00121 7.30426
0.722 2.00121 6.72041
0.76 2.00121 4.93803
0.038 2.0397 6.72041
0.076 2.0397 7.30426
0.114 2.0397 7.36438
0.152 2.0397 7.36438
0.19 2.0397 7.36438
0.228 2.0397 7.36438
0.266 2.0397 7.36438
0.304 2.0397 7.36438
0.342 2.0397 7.36438
0.38 2.0397 7.36438
0.418 2.0397 7.36438
0.456 2.0397 7.36438
0.494 2.0397 7.36438
0.532 2.0397 7.36438
0.57 2.0397 7.36438
0.608 2.0397 7.36438
0.646 2.0397 7.36438
0.684 2.0397 7.30426
0.722 2.0397 6.72041
0.76 2.0397 4.93803
0.038 2.07818 6.72041
0.076 2.07818 7.30426
0.114 2.07818 7.36438
0.152 2.07818 7.36438
0.19 2.07818 7.36438
0.228 2.07818 7.36438
0.266 2.07818 7.36438
0.304 2.07818 7.36438
0.342 2.07818 7.36438
0.38 2.07818 7.36438
0.418 2.07818 7.36438
0.456 2.07818 7.36438
0.494 2.07818 7.36438
0.532 2.07818 7.36438
0.57 2.07818 7.36438
0.608 2.07818 7.36438
0.646 2.07818 7.36438
0.684 2.07818 7.30426
0.722 2.07818 6.72041
0.76 2.07818 4.93803
0.038 2.11667 6.72041
0.076 2.11667 7.30426
0.114 2.11667 7.36438
0.152 2.11667 7.36438
0.19 2.11667 7.36438
0.228 2.11667 7.36438
0.266 2.11667 7.36438
0.304 2.11667 7.36438
0.342 2.11667 7.36438
0.38 2.11667 7.36438
0.418 2.11667 7.36438
0.456 2.11667 7.36438
0.494 2.11667 7.36438
0.532 2.11667 7.36438
0.57 2.11667 7.36438
0.608 2.11667 7.36438
0.646 2.11667 7.36438
0.684 2.11667 7.30426
0.722 2.11667 6.72041
0.76 2.11667 4.93803
0.038 2.15515 6.72041
0.076 2.15515 7.30426
0.114 2.15515 7.36438
0.152 2.15515 7.36438
0.19 2.15515 7.36438
0.228 2.15515 7.36438
0.266 2.15515 7.36438
0.304 2.15515 7.36438
0.342 2.15515 7.36438
0.38 2.15515 7.36438
0.418 2.15515 7.36438
0.456 2.15515 7.36438
0.494 2.15515 7.36438
0.532 2.15515 7.36438
0.57 2.15515 7.36438
0.608 2.15515 7.36438
0.646 2.15515 7.36438
0.684 2.15515 7.30426
0.722 2.15515 6.72041
0.76 2.15515 4.93803
0.038 2.19364 6.72041
0.076 2.19364 7.30426
0.114 2.19364 7.36438
0.152 2.19364 7.36438
0.19 2.19364 7.36438
0.228 2.19364 7.36438
0.266 2.19364 7.36438
0.304 2.19364 7.36438
0.342 2.19364 7.36438
0.38 2.19364 7.36438
0.418 2.19364 7.36438
0.456 2.19364 7.36438
0.494 2.19364 7.36438
0.532 2.19364 7.36438
0.57 2.19364 7.36438
0.608 2.19364 7.36438
0.646 2.19364 7.36438
0.684 2.19364 7.30426
0.722 2.19364 6.72041
0.76 2.19364 4.93803
0.038 2.23212 6.72041
0.076 2.23212 7.30426
0.114 2.23212 7.36438
0.152 2.23212 7.36438
0.19 2.23212 7.36438
0.228 2.23212 7.36438
0.266 2.23212 7.36438
0.304 2.23212 7.36438
0.342 2.23212 7.36438
0.38 2.23212 7.36438
0.418 2.23212 7.36438
0.456 2.23212 7.36438
0.494 2.23212 7.36438
0.532 2.23212 7.36438
0.57 2.23212 7.36438
0.608 2.23212 7.36438
0.646 2.23212 7.36438
0.684 2.23212 7.30426
0.722 2.23212 6.72041
0.76 2.23212 4.93803
0.038 2.27061 6.72041
0.076 2.27061 7.30426
0.114 2.27061 7.36438
0.152 2.27061 7.36438
0.19 2.27061 7.36438
0.228 2.27061 7.36438
0.266 2.27061 7.36438
0.304 2.27061 7.36438
0.342 2.27061 7.36438
0.38 2.27061 7.36438
0.418 2.27061 7.36438
0.456 2.27061 7.36438
0.494 2.27061 7.36438
0.532 2.27061 7.36438
0.57 2.27061 7.36438
0.608 2.27061 7.36438
0.646 2.27061 7.36438
0.684 2.27061 7.30426
0.722 2.27061 6.72041
0.76 2.27061 4.93803
0.038 2.30909 6.72041
0.076 2.30909 7.30426
0.114 2.30909 7.36438
0.152 2.30909 7.36438
0.19 2.30909 7.36438
0.228 2.30909 7.36438
0.266 2.30909 7.36438
0.304 2.30909 7.36438
0.342 2.30909 7.36438
0.38 2.30909 7.36438
0.418 2.30909 7.36438
0.456 2.30909 7.36438
0.494 2.30909 7.36438
0.532 2.30909 7.36438
0.57 2.30909 7.36438
0.608 2.30909 7.36438
0.646 2.30909 7.36438
0.684 2.30909 7.30426
0.722 2.30909 6.72041
0.76 2.30909 4.93803
0.038 2.34758 6.72041
0.076 2.34758 7.30426
0.114 2.34758 7.36438
0.152 2.34758 7.36438
0.19 2.34758 7.36438
0.228 2.34758 7.36438
0.266 2.34758 7.36438
0.304 2.34758 7.36438
0.342 2.34758 7.36438
0.38 2.34758 7.36438
0.418 2.34758 7.36438
0.456 2.34758 7.36438
0.494 2.34758 7.36438
0.532 2.34758 7.36438
0.57 2.34758 7.36438
0.608 2.34758 7.36438
0.646 2.34758 7.36438
0.684 2.34758 7.30426
0.722 2.34758 6.72041
0.76 2.34758 4.93803
0.038 2.38606 6.72041
0.076 2.38606 7.30426
0.114 2.38606 7.36438
0.152 2.38606 7.36438
0.19 2.38606 7.36438
0.228 2.38606 7.36438
0.266 2.38606 7.36438
0.304 2.38606 7.36438
0.342 2.38606 7.36438
0.38 2.38606 7.36438
0.418 2.38606 7.36438
0.456 2.38606 7.36438
0.494 2.38606 7.36438
0.532 2.38606 7.36438
0.57 2.38606 7.36438
0.608 2.38606 7.36438
0.646 2.38606 7.36438
0.684 2.38606 7.30426
0.722 2.38606 6.72041
0.76 2.38606 4.93803
0.038 2.42455 6.72041
0.076 2.42455 7.30426
0.114 2.42455 7.36438
0.152 2.42455 7.36438
0.19 2.42455 7.36438
0.228 2.42455 7.36438
0.266 2.42455 7.36438
0.304 2.42455 7.36438
0.342 2.42455 7.36438
0.38 2.42455 7.36438
0.418 2.42455 7.36438
0.456 2.42455 7.36438
0.494 2.42455 7.36438
0.532 2.42455 7.36438
0.57 2.42455 7.36438
0.608 2.42455 7.36438
0.646 2.42455 7.36438
0.684 2.42455 7.30426
0.722 2.42455 6.72041
0.76 2.42455 4.93803
0.038 2.46303 6.6683
0.076 2.46303 7.25089
0.114 2.46303 7.31101
0.152 2.46303 7.31101
0.19 2.46303 7.31101
0.228 2.46303 7.31101
0.266 2.46303 7.31101
0.304 2.46303 7.31101
0.342 2.46303 7.31101
0.38 2.46303 7.31101
0.418 2.46303 7.31101
0.456 2.46303 7.31101
0.494 2.46303 7.31101
0.532 2.46303 7.31101
0.57 2.46303 7.31101
0.608 2.46303 7.31101
0.646 2.46303 7.31101
0.684 2.46303 7.25089
0.722 2.46303 6.6683
0.76 2.46303 4.89956
0.038 2.50152 6.14252
0.076 2.50152 6.68445
0.114 2.50152 6.74311
0.152 2.50152 6.74311
0.19 2.50152 6.74311
0.228 2.50152 6.74311
0.266 2.50152 6.74311
0.304 2.50152 6.74311
0.342 2.50152 6.74311
0.38 2.50152 6.74311
0.418 2.50152 6.74311
0.456 2.50152 6.74311
0.494 2.50152 6.74311
0.532 2.50152 6.74311
0.57 2.50152 6.74311
0.608 2.50152 6.74311
0.646 2.50152 6.74311
0.684 2.50152 6.68445
0.722 2.50152 6.14252
0.76 2.50152 4.51362
0.038 2.54 4.51283
0.076 2.54 4.91074
0.114 2.54 4.95405
0.152 2.54 4.95405
0.19 2.54 4.95405
0.228 2.54 4.95405
0.266 2.54 4.95405
0.304 2.54 4.95405
0.342 2.54 4.95405
0.38 2.54 4.95405
0.418 2.54 4.95405
0.456 2.54 4.95405
0.494 2.54 4.95405
0.532 2.54 4.95405
0.57 2.54 4.95405
0.608 2.54 4.95405
0.646 2.54 4.95405
0.684 2.54 4.91074
0.722 2.54 4.51283
0.76 2.54 3.31692
0 0 3.31692
0.038 0 4.51283
0.076 0 4.91074
0.114 0 4.95405
0.152 0 4.95405
0.19 0 4.95405
0.228 0 4.95405
0.266 0 4.95405
0.304 0 4.95405
0.342 0 4.95405
0.38 0 4.95405
0.418 0 4.95405
0.456 0 4.95405
0.494 0 4.95405
0.532 0 4.95405
0.57 0 4.95405
0.608 0 4.95405
0.646 0 4.95405
0.684 0 4.91074
0.722 0 4.51283
0.76 0 3.31692
0 0.0384848 4.51362
0 0.0769697 4.89956
0 0.115455 4.93803
0 0.153939 4.93803
0 0.192424 4.93803
0 0.230909 4.93803
0 0.269394 4.93803
0 0.307879 4.93803
0 0.346364 4.93803
0 0.384848 4.93803
0 0.423333 4.93803
0 0.461818 4.93803
0 0.500303 4.93803
0 0.538788 4.93803
0 0.577273 4.93803
0 0.615758 4.93803
0 0.654242 4.93803
0 0.692727 4.93803
0 0.731212 4.93803
0 0.769697 4.93803
0 0.808182 4.93803
0 0.846667 4.93803
0 0.885152 4.93803
0 0.923636 4.93803
0 0.962121 4.93803
0 1.00061 4.93803
0 1.03909 4.93803
0 1.07758 4.93803
0 1.11606 4.93803
0 1.15455 4.93803
0 1.19303 4.93803
0 1.23152 4.93803
0 1.27 4.93803
0 1.30848 4.93803
0 1.34697 4.93803
0 1.38545 4.93803
0 1.42394 4.93803
0 1.46242 4.93803
0 1.50091 4.93803
0 1.53939 4.93803
0 1.57788 4.93803
0 1.61636 4.93803
0 1.65485 4.93803
0 1.69333 4.93803
0 1.73182 4.93803
0 1.7703 4.93803
0 1.80879 4.93803
0 1.84727 4.93803
0 1.88576 4.93803
0 1.92424 4.93803
0 1.96273 4.93803
0 2.00121 4.93803
0 2.0397 4.93803
0 2.07818 4.93803
0 2.11667 4.93803
0 2.15515 4.93803
0 2.19364 4.93803
0 2.23212 4.93803
0 2.27061 4.93803
0 2.30909 4.93803
0 2.34758 4.93803
0 2.38606 4.93803
0 2.42455 4.93803
0 2.46303 4.89956
0 2.50152 4.51362
0 2.54 3.31692
